www.medicine.ucsf.edu|http://medicine.ucsf.edu/
dom.ucsf.edu|http://medicine.ucsf.edu/
hospital.medicine.ucsf.edu|http://hospitalmedicine.ucsf.edu/
medicalgenetics.ucsf.edu|http://medicine.ucsf.edu/genetics/patient_information.html